ἱ 1v CARTULARIUM GONVRNTUS PIPERAGENSIS

Ρ1111 Gallia Chrisiiana 11 11111 1111 1111111111 11 1111111111
111-111111,111111111111 111 11 11111111111111111 11111 (11ο II)
jusqw’ci 11 1111111111 11 1111111111 11 1’11111111(111.’11)111 ’
111111 111511. 1111111111 ι1111111111 11 11111111111111111.11
11111111 11111 111111111111111 (111. 12-11) 111 11111 11 111111 1111 i
111111 111 11111111 111111 111 1111111 111111θ 111111111111111111- ¹
11111111111111. 1111111 VI 11 1111111111 1111111111111.11 i
11111111 111 111 11 111 111111111111 11111111111111-111111111 ,
111111111111111111111111 1111 11111111 11 111111111 111111- L ’Τ
111111111111 11111111 11 11111111111111 1111111111 111111 11111
11 11111111 1 1111111111, 111111Ρ11111, 11 1111, 111 Η1111111,

’ 1111111 11 1111111111 11111111111111 111111111111,111711,

. 1111111111 11111111, 1111111111 1111111111 pour 1111111111111-
11111111111111.ΡΡ. 11111111 111 1111111 111 Puy, 1111111 11 111111-
1111 111 1111 11111 111111 11111 1111111111111,111111111111 =
111111111111111 1111 11111 publication. 11 1111111111 11 111
11111111 11111111 1111111111111 11111111111’111,· 1111111111 111 ³
1111111111 111 11111 111 1111111 1111111111111. 1111111111 11-

¹ pariemeiiicii 11 11 1111111111. 111 11111111 111 1111111111
compris 111111 11 1 V⁰ 11 11 11111, 11 11 11 1111111111111111111
1 118 1111111111 XLVI, 1111111 111111 1111111θ 11 111 11111ο 1111111.
1111 11111111111111111 que 111 1111111111 11111111111111 111 111-
1111111111 Ρ11111 111 111 111111111111111111, 11 1111111, 11
1111111 11111Ρ11, 111111 111 111111111 XL VI 11111111Β1111Μ1-
moraiorium, 1111 111 1111111111 111111111111111 1111· 1111111111 111
111111, 11111111, 1111111111, 111111111111111111 11111111111111 1
11 1111111111 1111111111 1111. Ge 111111-1111111111 peu, 111 11111,
1111111111 1111111 111 1111 111111111 11 plis ancienne 11
111111111 111 11111111 1111 111 11 1111111111, 11111 11111 11 pius
111111111111 1257.

(11111 11 Τ11111111] 11 111111 111 111111 111111 1111111111 11111

 

